[gd_scene load_steps=18 format=3 uid="uid://pkmc4ao8dbh1"]

[ext_resource type="Script" path="res://scripts/debug.gd" id="1_unw81"]
[ext_resource type="PackedScene" uid="uid://pg510dfugg1q" path="res://camera_pivot.tscn" id="2_m2xxj"]
[ext_resource type="PackedScene" uid="uid://c2ei4y2mis8hk" path="res://scenes_3d/trees/palm_tree.scn" id="4_cq0ab"]
[ext_resource type="PackedScene" uid="uid://doyct1xu46gwj" path="res://scenes_2d/hud/gem_pouch.tscn" id="5_qxjme"]
[ext_resource type="PackedScene" uid="uid://vnxpe45dqhh" path="res://scenes_2d/main_menus/pause_menu.tscn" id="6_dn6mi"]
[ext_resource type="PackedScene" uid="uid://clojhwy2lw5t1" path="res://scenes_3d/terrains/terrain_2.scn" id="6_jddjm"]
[ext_resource type="PackedScene" uid="uid://cmlpewrex4i8b" path="res://scenes_2d/hud/debugbar.tscn" id="7_vjw8n"]
[ext_resource type="PackedScene" uid="uid://c78vb4eh3m7iq" path="res://scenes_3d/monster_path/monster_path.tscn" id="8_6wlwc"]
[ext_resource type="PackedScene" uid="uid://odupfjlid8iv" path="res://scenes_3d/monster_path/anchor.tscn" id="9_7wr5a"]
[ext_resource type="PackedScene" uid="uid://i8r0qsyem1qb" path="res://scenes_3d/monster_path/monster_target_zone.tscn" id="10_tcw6y"]

[sub_resource type="ProceduralSkyMaterial" id="ProceduralSkyMaterial_gojeu"]
sky_horizon_color = Color(0.64625, 0.65575, 0.67075, 1)
ground_horizon_color = Color(0.64625, 0.65575, 0.67075, 1)

[sub_resource type="Sky" id="Sky_ylqb4"]
sky_material = SubResource("ProceduralSkyMaterial_gojeu")

[sub_resource type="Environment" id="Environment_ikt58"]
background_mode = 2
sky = SubResource("Sky_ylqb4")
tonemap_mode = 2

[sub_resource type="Curve3D" id="Curve3D_l7ina"]
resource_local_to_scene = true

[sub_resource type="Curve3D" id="Curve3D_dg2bv"]
resource_local_to_scene = true

[sub_resource type="Curve3D" id="Curve3D_p6a15"]
resource_local_to_scene = true

[sub_resource type="Curve3D" id="Curve3D_15d8h"]
resource_local_to_scene = true

[node name="Debug2" type="Node"]
script = ExtResource("1_unw81")
metadata/_edit_horizontal_guides_ = [33.0]

[node name="WorldEnvironment" type="WorldEnvironment" parent="."]
environment = SubResource("Environment_ikt58")

[node name="DirectionalLight3D" type="DirectionalLight3D" parent="."]
transform = Transform3D(-0.866024, -0.433016, 0.25, 0, 0.499998, 0.866027, -0.500003, 0.75, -0.43301, 13.7142, 4.51649, -21.5665)
light_energy = 2.0
shadow_enabled = true

[node name="CameraPivot" parent="." instance=ExtResource("2_m2xxj")]

[node name="SpawnTimer" type="Timer" parent="."]
wait_time = 4.0
autostart = true

[node name="GemPouch" parent="." instance=ExtResource("5_qxjme")]
metadata/_edit_horizontal_guides_ = [64.0, 128.0, 196.0]

[node name="PauseMenu" parent="." instance=ExtResource("6_dn6mi")]
process_mode = 2
visible = false

[node name="debugbar" parent="." groups=["hud_items"] instance=ExtResource("7_vjw8n")]

[node name="terrain2" parent="." instance=ExtResource("6_jddjm")]

[node name="palm-tree" parent="terrain2" instance=ExtResource("4_cq0ab")]
transform = Transform3D(1, 0, 0, 0, 1, 0, 0, 0, 1, -51.2172, 3.37686, -41.6162)

[node name="palm-tree2" parent="terrain2" instance=ExtResource("4_cq0ab")]
transform = Transform3D(0.995309, 0, -0.0967491, 0, 1, 0, 0.0967491, 0, 0.995309, -47.2917, 3.37686, -41.6162)

[node name="palm-tree3" parent="terrain2" instance=ExtResource("4_cq0ab")]
transform = Transform3D(1.15096, 0, -0.24853, 0, 1.17748, 0, 0.24853, 0, 1.15096, -40.9642, 3.37686, -41.6162)

[node name="palm-tree4" parent="terrain2" instance=ExtResource("4_cq0ab")]
transform = Transform3D(1, 0, 0, 0, 1, 0, 0, 0, 1, -35.2728, 3.37686, -40.5695)

[node name="palm-tree10" parent="terrain2" instance=ExtResource("4_cq0ab")]
transform = Transform3D(0.999341, 0, 0.0363123, 0.0037547, 0.99464, -0.103332, -0.0361177, 0.1034, 0.993984, -51.2217, 3.26621, -37.3698)

[node name="palm-tree11" parent="terrain2" instance=ExtResource("4_cq0ab")]
transform = Transform3D(0.998166, 0, -0.0605433, -0.00626019, 0.99464, -0.10321, 0.0602188, 0.1034, 0.992815, -47.2988, 3.31508, -37.5115)

[node name="palm-tree12" parent="terrain2" instance=ExtResource("4_cq0ab")]
transform = Transform3D(1.15922, 0, -0.206572, -0.0213596, 1.17117, -0.119864, 0.205465, 0.121752, 1.15301, -40.9755, 3.36876, -37.7401)

[node name="palm-tree13" parent="terrain2" instance=ExtResource("4_cq0ab")]
transform = Transform3D(0.999341, 0, 0.0363123, 0.0037547, 0.99464, -0.103332, -0.0361177, 0.1034, 0.993984, -35.2499, 3.06485, -36.9052)

[node name="palm-tree14" parent="terrain2" instance=ExtResource("4_cq0ab")]
transform = Transform3D(0.898563, -0.0082563, -0.046822, 0.00337855, 0.894996, -0.0929801, 0.0474242, 0.0926744, 0.893777, -41.6272, 3.35498, -37.6976)

[node name="palm-tree15" parent="terrain2" instance=ExtResource("4_cq0ab")]
transform = Transform3D(0.889817, -0.0082563, -0.133537, -0.00563304, 0.894996, -0.0928708, 0.133674, 0.0926744, 0.884996, -38.1, 3.31835, -37.5114)

[node name="palm-tree16" parent="terrain2" instance=ExtResource("4_cq0ab")]
transform = Transform3D(1.02257, -0.00972166, -0.27721, -0.0192198, 1.05384, -0.107856, 0.276714, 0.109123, 1.01691, -32.4143, 3.21736, -37.2113)

[node name="palm-tree17" parent="terrain2" instance=ExtResource("4_cq0ab")]
transform = Transform3D(0.898563, -0.0082563, -0.046822, 0.00337855, 0.894996, -0.0929801, 0.0474242, 0.0926744, 0.893777, -27.3493, 2.58088, -36.0059)

[node name="palm-tree5" parent="terrain2" instance=ExtResource("4_cq0ab")]
transform = Transform3D(0.94339, -0.223304, -0.245257, 0.230338, 0.973111, 0, 0.238662, -0.056492, 0.969458, -30.0757, 3.37685, -42.2716)

[node name="palm-tree35" parent="terrain2" instance=ExtResource("4_cq0ab")]
transform = Transform3D(0.494123, 0.0879911, 0.864928, 0.0037547, 0.99464, -0.103332, -0.869384, 0.0543062, 0.491144, -19.8843, 3.4044, -1.3847)

[node name="palm-tree36" parent="terrain2" instance=ExtResource("4_cq0ab")]
transform = Transform3D(0.575486, 0.0879911, 0.813064, -0.00626019, 0.99464, -0.10321, -0.817788, 0.0543062, 0.572952, -17.9446, 3.34358, -4.79741)

[node name="palm-tree37" parent="terrain2" instance=ExtResource("4_cq0ab")]
transform = Transform3D(0.783675, 0.103608, 0.87269, -0.0213596, 1.17117, -0.119864, -0.878559, 0.0639447, 0.781353, -14.8181, 2.83602, -10.2984)

[node name="palm-tree38" parent="terrain2" instance=ExtResource("4_cq0ab")]
transform = Transform3D(0.494123, 0.0879911, 0.864928, 0.0037547, 0.99464, -0.103332, -0.869384, 0.0543062, 0.491144, -11.1005, 2.89171, -14.7324)

[node name="palm-tree39" parent="terrain2" instance=ExtResource("4_cq0ab")]
transform = Transform3D(0.512286, 0.0745275, 0.735992, 0.00337855, 0.894996, -0.0929801, -0.739748, 0.0556989, 0.50926, -15.1242, 2.90804, -9.72152)

[node name="palm-tree40" parent="terrain2" instance=ExtResource("4_cq0ab")]
transform = Transform3D(0.581089, 0.0745275, 0.682976, -0.00563304, 0.894996, -0.0928708, -0.687007, 0.0556989, 0.578441, -13.1132, 2.70668, -12.6254)

[node name="palm-tree53" parent="terrain2" instance=ExtResource("4_cq0ab")]
transform = Transform3D(0.494123, 0.0879911, 0.864928, 0.0037547, 0.99464, -0.103332, -0.869384, 0.0543062, 0.491144, -43.3301, 2.53986, -1.3847)

[node name="palm-tree54" parent="terrain2" instance=ExtResource("4_cq0ab")]
transform = Transform3D(0.575486, 0.0879911, 0.813064, -0.00626019, 0.99464, -0.10321, -0.817788, 0.0543062, 0.572952, -41.3904, 2.72581, -4.79741)

[node name="palm-tree55" parent="terrain2" instance=ExtResource("4_cq0ab")]
transform = Transform3D(0.783675, 0.103608, 0.87269, -0.0213596, 1.17117, -0.119864, -0.878559, 0.0639447, 0.781353, -38.2639, 2.73693, -10.2984)

[node name="palm-tree56" parent="terrain2" instance=ExtResource("4_cq0ab")]
transform = Transform3D(0.494123, 0.0879911, 0.864928, 0.0037547, 0.99464, -0.103332, -0.869384, 0.0543062, 0.491144, -34.5463, 2.7233, -14.7324)

[node name="palm-tree57" parent="terrain2" instance=ExtResource("4_cq0ab")]
transform = Transform3D(0.512286, 0.0745275, 0.735992, 0.00337855, 0.894996, -0.0929801, -0.739748, 0.0556989, 0.50926, -38.57, 2.72123, -9.72152)

[node name="palm-tree58" parent="terrain2" instance=ExtResource("4_cq0ab")]
transform = Transform3D(0.581089, 0.0745275, 0.682976, -0.00563304, 0.894996, -0.0928708, -0.687007, 0.0556989, 0.578441, -36.5591, 2.72198, -12.6254)

[node name="palm-tree41" parent="terrain2" instance=ExtResource("4_cq0ab")]
transform = Transform3D(0.772535, 0.0877549, 0.719776, -0.0192198, 1.05384, -0.107856, -0.724851, 0.0655846, 0.769986, -5.92155, 3.42134, -17.3061)

[node name="palm-tree42" parent="terrain2" instance=ExtResource("4_cq0ab")]
transform = Transform3D(0.512286, 0.0745275, 0.735992, 0.00337855, 0.894996, -0.0929801, -0.739748, 0.0556989, 0.50926, -2.23556, 3.41058, -20.9833)

[node name="palm-tree43" parent="terrain2" instance=ExtResource("4_cq0ab")]
transform = Transform3D(0.698568, -0.165353, 0.696176, 0.230338, 0.973111, 0, -0.677456, 0.160356, 0.717871, -8.9994, 3.25504, -21.9539)

[node name="palm-tree44" parent="terrain2" instance=ExtResource("4_cq0ab")]
transform = Transform3D(-0.449454, 0.0939859, 0.888346, 0.0037547, 0.99464, -0.103332, -0.893296, -0.0431075, -0.447398, -8.02824, 3.40923, -23.2525)

[node name="palm-tree45" parent="terrain2" instance=ExtResource("4_cq0ab")]
transform = Transform3D(-0.361399, 0.0939858, 0.927662, -0.00626019, 0.99464, -0.10321, -0.93239, -0.0431075, -0.358873, -9.79254, 3.20838, -26.7591)

[node name="palm-tree46" parent="terrain2" instance=ExtResource("4_cq0ab")]
transform = Transform3D(-0.296521, 0.110667, 1.13415, -0.0213596, 1.17117, -0.119864, -1.13934, -0.0507583, -0.292924, -12.6364, 3.38344, -32.4114)

[node name="palm-tree47" parent="terrain2" instance=ExtResource("4_cq0ab")]
transform = Transform3D(-0.449454, 0.0939859, 0.888346, 0.0037547, 0.99464, -0.103332, -0.893296, -0.0431075, -0.447398, -14.2647, 3.41434, -37.9638)

[node name="palm-tree48" parent="terrain2" instance=ExtResource("4_cq0ab")]
transform = Transform3D(-0.331504, 0.0876787, 0.831921, 0.00337855, 0.894996, -0.0929801, -0.836522, -0.0311313, -0.330056, -12.3261, 3.36299, -31.8367)

[node name="palm-tree49" parent="terrain2" instance=ExtResource("4_cq0ab")]
transform = Transform3D(-0.249461, 0.0876787, 0.860091, -0.00563305, 0.894996, -0.0928708, -0.86453, -0.0311313, -0.247575, -13.6274, 3.39364, -35.1205)

[node name="palm-tree50" parent="terrain2" instance=ExtResource("4_cq0ab")]
transform = Transform3D(-0.174789, 0.10324, 1.03989, -0.0192198, 1.05384, -0.107856, -1.04483, -0.0366567, -0.17198, -15.725, 3.42134, -40.4135)

[node name="palm-tree51" parent="terrain2" instance=ExtResource("4_cq0ab")]
transform = Transform3D(-0.331504, 0.0876787, 0.831921, 0.00337855, 0.894996, -0.0929801, -0.836522, -0.0311313, -0.330056, -16.741, 3.41059, -45.52)

[node name="palm-tree52" parent="terrain2" instance=ExtResource("4_cq0ab")]
transform = Transform3D(-0.176367, 0.0417466, 0.983439, 0.230338, 0.973111, -2.10709e-08, -0.956995, 0.226524, -0.18124, -21.2995, 3.45748, -40.4297)

[node name="palm-tree6" parent="terrain2" instance=ExtResource("4_cq0ab")]
transform = Transform3D(1, 0, 0, 0, 1, 0, 0, 0, 1, -49.8652, 2.08931, -29.3592)

[node name="palm-tree7" parent="terrain2" instance=ExtResource("4_cq0ab")]
transform = Transform3D(0.889366, 0, 0, 0, 0.883684, -0.100371, 0, 0.100371, 0.883684, -55.4444, 2.72263, -27.0875)

[node name="palm-tree8" parent="terrain2" instance=ExtResource("4_cq0ab")]
transform = Transform3D(1, 0, 0, 0, 1, 0, 0, 0, 1, -42.3641, 2.68311, -25.4719)

[node name="palm-tree9" parent="terrain2" instance=ExtResource("4_cq0ab")]
transform = Transform3D(0.889366, 0, 0, 0, 0.883684, -0.100371, 0, 0.100371, 0.883684, -47.9432, 2.70311, -23.2002)

[node name="palm-tree18" parent="terrain2" instance=ExtResource("4_cq0ab")]
transform = Transform3D(1, 0, 0, 0, 1, 0, 0, 0, 1, -51.2172, 3.37686, -41.6162)

[node name="palm-tree19" parent="terrain2" instance=ExtResource("4_cq0ab")]
transform = Transform3D(0.995309, 0, -0.0967491, 0, 1, 0, 0.0967491, 0, 0.995309, -47.2917, 3.37686, -41.6162)

[node name="palm-tree20" parent="terrain2" instance=ExtResource("4_cq0ab")]
transform = Transform3D(1.15096, 0, -0.24853, 0, 1.17748, 0, 0.24853, 0, 1.15096, -40.9642, 3.37686, -41.6162)

[node name="palm-tree21" parent="terrain2" instance=ExtResource("4_cq0ab")]
transform = Transform3D(1, 0, 0, 0, 1, 0, 0, 0, 1, -35.2728, 3.37686, -40.5695)

[node name="palm-tree22" parent="terrain2" instance=ExtResource("4_cq0ab")]
transform = Transform3D(0.999341, 0, 0.0363123, 0.0037547, 0.99464, -0.103332, -0.0361177, 0.1034, 0.993984, -51.2217, 3.26621, -37.3698)

[node name="palm-tree23" parent="terrain2" instance=ExtResource("4_cq0ab")]
transform = Transform3D(0.998166, 0, -0.0605433, -0.00626019, 0.99464, -0.10321, 0.0602188, 0.1034, 0.992815, -47.2988, 3.31508, -37.5115)

[node name="palm-tree24" parent="terrain2" instance=ExtResource("4_cq0ab")]
transform = Transform3D(1.15922, 0, -0.206572, -0.0213596, 1.17117, -0.119864, 0.205465, 0.121752, 1.15301, -40.9755, 3.36876, -37.7401)

[node name="palm-tree25" parent="terrain2" instance=ExtResource("4_cq0ab")]
transform = Transform3D(0.999341, 0, 0.0363123, 0.0037547, 0.99464, -0.103332, -0.0361177, 0.1034, 0.993984, -35.2499, 3.06485, -36.9052)

[node name="palm-tree26" parent="terrain2" instance=ExtResource("4_cq0ab")]
transform = Transform3D(0.898563, -0.0082563, -0.046822, 0.00337855, 0.894996, -0.0929801, 0.0474242, 0.0926744, 0.893777, -41.6272, 3.35498, -37.6976)

[node name="palm-tree27" parent="terrain2" instance=ExtResource("4_cq0ab")]
transform = Transform3D(0.889817, -0.0082563, -0.133537, -0.00563304, 0.894996, -0.0928708, 0.133674, 0.0926744, 0.884996, -38.1, 3.31835, -37.5114)

[node name="palm-tree28" parent="terrain2" instance=ExtResource("4_cq0ab")]
transform = Transform3D(1.02257, -0.00972166, -0.27721, -0.0192198, 1.05384, -0.107856, 0.276714, 0.109123, 1.01691, -32.4143, 3.21736, -37.2113)

[node name="palm-tree29" parent="terrain2" instance=ExtResource("4_cq0ab")]
transform = Transform3D(0.898563, -0.0082563, -0.046822, 0.00337855, 0.894996, -0.0929801, 0.0474242, 0.0926744, 0.893777, -27.3493, 2.58088, -36.0059)

[node name="palm-tree30" parent="terrain2" instance=ExtResource("4_cq0ab")]
transform = Transform3D(0.94339, -0.223304, -0.245257, 0.230338, 0.973111, 0, 0.238662, -0.056492, 0.969458, -30.0757, 3.37685, -42.2716)

[node name="palm-tree31" parent="terrain2" instance=ExtResource("4_cq0ab")]
transform = Transform3D(1, 0, 0, 0, 1, 0, 0, 0, 1, -49.8652, 2.08931, -29.3592)

[node name="palm-tree32" parent="terrain2" instance=ExtResource("4_cq0ab")]
transform = Transform3D(0.889366, 0, 0, 0, 0.883684, -0.100371, 0, 0.100371, 0.883684, -55.4444, 2.72263, -27.0875)

[node name="palm-tree33" parent="terrain2" instance=ExtResource("4_cq0ab")]
transform = Transform3D(1, 0, 0, 0, 1, 0, 0, 0, 1, -42.3641, 2.68311, -25.4719)

[node name="palm-tree34" parent="terrain2" instance=ExtResource("4_cq0ab")]
transform = Transform3D(0.889366, 0, 0, 0, 0.883684, -0.100371, 0, 0.100371, 0.883684, -47.9432, 2.70311, -23.2002)

[node name="MonsterPath1" parent="." instance=ExtResource("8_6wlwc")]
curve = SubResource("Curve3D_l7ina")

[node name="Anchor" parent="MonsterPath1" instance=ExtResource("9_7wr5a")]
transform = Transform3D(0.418519, 0, 0, 0, 0.418519, 0, 0, 0, 0.418519, -98.0436, -7.50093, -30.0865)

[node name="Anchor2" parent="MonsterPath1" instance=ExtResource("9_7wr5a")]
transform = Transform3D(0.418519, 0, 0, 0, 0.418519, 0, 0, 0, 0.418519, -59.0402, 0.683346, -34.3239)

[node name="Anchor3" parent="MonsterPath1" instance=ExtResource("9_7wr5a")]
transform = Transform3D(0.418519, 0, 0, 0, 0.418519, 0, 0, 0, 0.418519, -23.0955, 1.64788, -27.3103)

[node name="Anchor4" parent="MonsterPath1" instance=ExtResource("9_7wr5a")]
transform = Transform3D(0.418519, 0, 0, 0, 0.418519, 0, 0, 0, 0.418519, -29.007, 1.64788, -5.54191)

[node name="Anchor5" parent="MonsterPath1" instance=ExtResource("9_7wr5a")]
transform = Transform3D(0.418519, 0, 0, 0, 0.418519, 0, 0, 0, 0.418519, -42.9277, 1.26744, 8.33729)

[node name="Anchor6" parent="MonsterPath1" instance=ExtResource("9_7wr5a")]
transform = Transform3D(0.418519, 0, 0, 0, 0.418519, 0, 0, 0, 0.418519, -42.9277, 1.26744, 23.289)

[node name="Anchor7" parent="MonsterPath1" instance=ExtResource("9_7wr5a")]
transform = Transform3D(0.418519, 0, 0, 0, 0.418519, 0, 0, 0, 0.418519, -38.0733, 1.38406, 30.2847)

[node name="Anchor8" parent="MonsterPath1" instance=ExtResource("9_7wr5a")]
transform = Transform3D(0.418519, 0, 0, 0, 0.418519, 0, 0, 0, 0.418519, -24.0267, 1.64788, 37.9043)

[node name="Anchor9" parent="MonsterPath1" instance=ExtResource("9_7wr5a")]
transform = Transform3D(0.418519, 0, 0, 0, 0.418519, 0, 0, 0, 0.418519, -2.43908, 1.64788, 37.9043)

[node name="Anchor10" parent="MonsterPath1" instance=ExtResource("9_7wr5a")]
transform = Transform3D(0.418519, 0, 0, 0, 0.418519, 0, 0, 0, 0.418519, 16.3599, 1.64788, 29.5038)

[node name="Anchor11" parent="MonsterPath1" instance=ExtResource("9_7wr5a")]
transform = Transform3D(0.418519, 0, 0, 0, 0.418519, 0, 0, 0, 0.418519, 27.1641, 1.64788, 19.9459)

[node name="Anchor12" parent="MonsterPath1" instance=ExtResource("9_7wr5a")]
transform = Transform3D(0.418519, 0, 0, 0, 0.418519, 0, 0, 0, 0.418519, 34.1183, 1.64788, 2.98024)

[node name="Anchor13" parent="MonsterPath1" instance=ExtResource("9_7wr5a")]
transform = Transform3D(0.418519, 0, 0, 0, 0.418519, 0, 0, 0, 0.418519, 34.1183, 1.64788, -23.5528)

[node name="MonsterPath1A" parent="." instance=ExtResource("8_6wlwc")]
curve = SubResource("Curve3D_dg2bv")

[node name="Anchor" parent="MonsterPath1A" instance=ExtResource("9_7wr5a")]
transform = Transform3D(0.418519, 0, 0, 0, 0.418519, 0, 0, 0, 0.418519, -98.0436, -7.50093, -28.2141)

[node name="Anchor2" parent="MonsterPath1A" instance=ExtResource("9_7wr5a")]
transform = Transform3D(0.418519, 0, 0, 0, 0.418519, 0, 0, 0, 0.418519, -59.0402, 0.683346, -32.4515)

[node name="Anchor3" parent="MonsterPath1A" instance=ExtResource("9_7wr5a")]
transform = Transform3D(0.418519, 0, 0, 0, 0.418519, 0, 0, 0, 0.418519, -24.8353, 1.64788, -25.4379)

[node name="Anchor4" parent="MonsterPath1A" instance=ExtResource("9_7wr5a")]
transform = Transform3D(0.418519, 0, 0, 0, 0.418519, 0, 0, 0, 0.418519, -27.788, 1.64788, -3.66947)

[node name="Anchor5" parent="MonsterPath1A" instance=ExtResource("9_7wr5a")]
transform = Transform3D(0.418519, 0, 0, 0, 0.418519, 0, 0, 0, 0.418519, -42.8758, 1.13695, 14.2526)

[node name="Anchor6" parent="MonsterPath1A" instance=ExtResource("9_7wr5a")]
transform = Transform3D(0.418519, 0, 0, 0, 0.418519, 0, 0, 0, 0.418519, -45.666, 1.26744, 23.3437)

[node name="Anchor7" parent="MonsterPath1A" instance=ExtResource("9_7wr5a")]
transform = Transform3D(0.418519, 0, 0, 0, 0.418519, 0, 0, 0, 0.418519, -38.0733, 1.38406, 32.1572)

[node name="Anchor8" parent="MonsterPath1A" instance=ExtResource("9_7wr5a")]
transform = Transform3D(0.418519, 0, 0, 0, 0.418519, 0, 0, 0, 0.418519, -24.0267, 1.64788, 39.7767)

[node name="Anchor9" parent="MonsterPath1A" instance=ExtResource("9_7wr5a")]
transform = Transform3D(0.418519, 0, 0, 0, 0.418519, 0, 0, 0, 0.418519, -2.43908, 1.64788, 39.7767)

[node name="Anchor10" parent="MonsterPath1A" instance=ExtResource("9_7wr5a")]
transform = Transform3D(0.418519, 0, 0, 0, 0.418519, 0, 0, 0, 0.418519, 16.3599, 1.64788, 31.3762)

[node name="Anchor11" parent="MonsterPath1A" instance=ExtResource("9_7wr5a")]
transform = Transform3D(0.418519, 0, 0, 0, 0.418519, 0, 0, 0, 0.418519, 27.1641, 1.64788, 21.8184)

[node name="Anchor12" parent="MonsterPath1A" instance=ExtResource("9_7wr5a")]
transform = Transform3D(0.418519, 0, 0, 0, 0.418519, 0, 0, 0, 0.418519, 34.1183, 1.64788, 4.85269)

[node name="Anchor13" parent="MonsterPath1A" instance=ExtResource("9_7wr5a")]
transform = Transform3D(0.418519, 0, 0, 0, 0.418519, 0, 0, 0, 0.418519, 34.1183, 1.64788, -22.9095)

[node name="MonsterPath" parent="." instance=ExtResource("8_6wlwc")]
curve = SubResource("Curve3D_p6a15")

[node name="Anchor" parent="MonsterPath" instance=ExtResource("9_7wr5a")]
transform = Transform3D(0.418519, 0, 0, 0, 0.418519, 0, 0, 0, 0.418519, -98.0436, -7.50093, -32.044)

[node name="Anchor2" parent="MonsterPath" instance=ExtResource("9_7wr5a")]
transform = Transform3D(0.418519, 0, 0, 0, 0.418519, 0, 0, 0, 0.418519, -59.0402, 0.683346, -36.2814)

[node name="Anchor3" parent="MonsterPath" instance=ExtResource("9_7wr5a")]
transform = Transform3D(0.418519, 0, 0, 0, 0.418519, 0, 0, 0, 0.418519, -21.0963, 1.64788, -29.2678)

[node name="Anchor4" parent="MonsterPath" instance=ExtResource("9_7wr5a")]
transform = Transform3D(0.418519, 0, 0, 0, 0.418519, 0, 0, 0, 0.418519, -30.1591, 1.64788, -7.4994)

[node name="Anchor5" parent="MonsterPath" instance=ExtResource("9_7wr5a")]
transform = Transform3D(0.418519, 0, 0, 0, 0.418519, 0, 0, 0, 0.418519, -41.4181, 1.26744, 8.78793)

[node name="Anchor6" parent="MonsterPath" instance=ExtResource("9_7wr5a")]
transform = Transform3D(0.418519, 0, 0, 0, 0.418519, 0, 0, 0, 0.418519, -42.9277, 1.26744, 21.3315)

[node name="Anchor7" parent="MonsterPath" instance=ExtResource("9_7wr5a")]
transform = Transform3D(0.418519, 0, 0, 0, 0.418519, 0, 0, 0, 0.418519, -38.0733, 1.38406, 28.3272)

[node name="Anchor8" parent="MonsterPath" instance=ExtResource("9_7wr5a")]
transform = Transform3D(0.418519, 0, 0, 0, 0.418519, 0, 0, 0, 0.418519, -24.0267, 1.64788, 35.9468)

[node name="Anchor9" parent="MonsterPath" instance=ExtResource("9_7wr5a")]
transform = Transform3D(0.418519, 0, 0, 0, 0.418519, 0, 0, 0, 0.418519, -2.43908, 1.64788, 35.9468)

[node name="Anchor10" parent="MonsterPath" instance=ExtResource("9_7wr5a")]
transform = Transform3D(0.418519, 0, 0, 0, 0.418519, 0, 0, 0, 0.418519, 16.3599, 1.64788, 27.5463)

[node name="Anchor11" parent="MonsterPath" instance=ExtResource("9_7wr5a")]
transform = Transform3D(0.418519, 0, 0, 0, 0.418519, 0, 0, 0, 0.418519, 27.1641, 1.64788, 17.9884)

[node name="Anchor12" parent="MonsterPath" instance=ExtResource("9_7wr5a")]
transform = Transform3D(0.418519, 0, 0, 0, 0.418519, 0, 0, 0, 0.418519, 34.1183, 1.64788, 1.02275)

[node name="Anchor13" parent="MonsterPath" instance=ExtResource("9_7wr5a")]
transform = Transform3D(0.418519, 0, 0, 0, 0.418519, 0, 0, 0, 0.418519, 34.1183, 1.64788, -23.2699)

[node name="MonsterPath1B" parent="." instance=ExtResource("8_6wlwc")]
curve = SubResource("Curve3D_15d8h")

[node name="Anchor" parent="MonsterPath1B" instance=ExtResource("9_7wr5a")]
transform = Transform3D(0.418519, 0, 0, 0, 0.418519, 0, 0, 0, 0.418519, -76.4036, -1.57467, -30.2803)

[node name="Anchor2" parent="MonsterPath1B" instance=ExtResource("9_7wr5a")]
transform = Transform3D(0.418519, 0, 0, 0, 0.418519, 0, 0, 0, 0.418519, -58.5732, 8.48145, -30.2803)

[node name="Anchor3" parent="MonsterPath1B" instance=ExtResource("9_7wr5a")]
transform = Transform3D(0.418519, 0, 0, 0, 0.418519, 0, 0, 0, 0.418519, -48.1966, 5.70511, -39.4341)

[node name="Anchor4" parent="MonsterPath1B" instance=ExtResource("9_7wr5a")]
transform = Transform3D(0.418519, 0, 0, 0, 0.418519, 0, 0, 0, 0.418519, -39.9415, 5.70511, -28.4943)

[node name="Anchor5" parent="MonsterPath1B" instance=ExtResource("9_7wr5a")]
transform = Transform3D(0.418519, 0, 0, 0, 0.418519, 0, 0, 0, 0.418519, -27.209, 5.70511, -41.1018)

[node name="Anchor6" parent="MonsterPath1B" instance=ExtResource("9_7wr5a")]
transform = Transform3D(0.418519, 0, 0, 0, 0.418519, 0, 0, 0, 0.418519, -16.7479, 5.70511, -38.7998)

[node name="Anchor7" parent="MonsterPath1B" instance=ExtResource("9_7wr5a")]
transform = Transform3D(0.418519, 0, 0, 0, 0.418519, 0, 0, 0, 0.418519, 0.165365, 5.42976, -21.6513)

[node name="Anchor8" parent="MonsterPath1B" instance=ExtResource("9_7wr5a")]
transform = Transform3D(0.418519, 0, 0, 0, 0.418519, 0, 0, 0, 0.418519, 33.6885, 1.87919, -23.3433)

[node name="MonsterTargetZone" parent="." instance=ExtResource("10_tcw6y")]
transform = Transform3D(6.17598, 0, 0, 0, 6.17598, 0, 0, 0, 6.17598, 33.7375, 1.55851, -23.2629)

[node name="SpawnTimer2" type="Timer" parent="."]
wait_time = 6.0
autostart = true

[connection signal="timeout" from="SpawnTimer" to="." method="_on_spawn_timer_timeout"]
[connection signal="timeout" from="SpawnTimer2" to="." method="_on_spawn_timer_3_timeout"]

[editable path="CameraPivot"]
[editable path="MonsterTargetZone"]
